117,2.2|27.3
117,2.2|27.3
118,2.2|27.3
119,2.2|27.3
119,2.2|27.3
120,2.2|27.3
121,2.2|27.2
122,2.2|27.2
123,2.2|27.2
123,2.2|27.2
124,2.2|27.2
125,2.2|27.2
126,2.2|27.2
126,2.2|27.2
127,2.2|27.2
128,2.2|27.2
128,1.7|27.2
129,1.8|27.2
130,1.4|27.2
131,2.4|27.1
131,2.4|27.1
131,1.9|27.1
132,2.4|27.1
132,2.4|27.1
134,2.8|27.1
135,2.8|27.1
136,2.4|27.1
136,2.8|27.1
137,2.4|27.1
138,2.4|27.1
139,2.8|27.1
140,2.5|27.1
140,2.8|27.2
141,2.8|27.2
142,2.8|27.2
142,2.5|27.2
143,2.9|27.2
144,2.5|27.2
145,2.1|27.2
145,2.9|27.3
146,2.2|27.3
147,2.2|27.3
148,2.2|27.3
148,1.8|27.3
149,2.4|27.3
150,1.8|27.3
151,1.8|27.3
151,2.8|27.3
152,2.8|27.3
152,2.8|27.3
153,2.4|27.3
154,2.4|27.3
155,2.4|27.3
156,2.4|27.3
157,2.4|27.3
157,2.4|27.3
158,2.4|27.3
159,2.4|27.3
160,2.4|27.3
160,2.4|27.3
161,2.4|27.3
162,2.4|27.3
162,2.4|27.3
163,2.4|27.6
164,2.4|27.6
165,2.9|27.6
166,2.9|27.6
166,2.9|27.6
167,2.8|28.0
168,2.9|28.0
168,3.3|27.9
169,3.3|27.9
170,3.4|27.9
171,3.4|27.9
172,3.3|27.9
172,2.4|27.9
173,2.9|27.9
174,2.9|27.9
174,2.1|27.9
175,3.4|27.9
175,2.6|27.9
177,2.6|27.8
177,3.1|27.8
178,2.7|27.8
178,2.3|27.8
179,2.7|27.8
180,2.7|27.8
181,2.8|28.0
182,3.3|28.0
183,3.3|28.0
183,1.5|28.0
184,2.7|28.0
185,2.9|28.0
185,3.2|28.0
186,2.5|28.0
187,3.4|28.0
188,4.1|28.0
188,4.7|28.4
189,4.3|28.4
190,4.2|28.5
190,5.1|28.5
191,4.7|28.5
192,4.7|28.5
192,4.5|28.5
193,4.9|28.5
194,4.9|28.5
195,5.6|28.5
196,5.6|28.6
196,6.0|28.6
197,6.0|28.6
198,6.1|28.6
199,6.1|28.6
199,6.1|28.6
200,6.0|28.6
201,6.0|28.6
202,5.7|28.6
202,5.7|28.6
203,5.7|28.6
204,0.2|28.6
205,6.5|28.5
205,6.1|28.6
206,6.9|28.6
207,6.9|28.6
208,7.0|28.6
208,7.4|28.6
209,7.5|28.6
210,7.5|28.6
211,7.4|28.6
211,7.5|28.6
212,7.1|28.6
213,7.1|28.6
213,7.6|28.6
214,7.6|28.6
215,7.6|28.6
215,7.6|28.6
216,7.6|28.6
217,7.6|28.6
218,7.6|28.6
218,7.7|28.6
219,7.3|28.6
220,7.3|28.6
221,7.8|28.6
222,7.8|28.6
222,7.8|28.6
223,7.8|28.6
224,7.9|28.6
225,7.9|28.6
225,7.9|28.6
226,7.9|28.6
226,8.0|28.6
227,8.1|28.6
228,8.1|28.6
229,8.1|28.6
230,8.1|28.6
230,8.2|28.6
231,8.2|28.6
232,8.3|28.6
232,8.3|28.6
233,8.3|28.6
234,8.3|28.6
235,8.4|28.6
236,8.4|28.6
236,8.4|28.6
237,8.4|28.6
238,8.4|28.6
239,8.5|28.6
239,8.7|28.6
240,8.1|28.6
241,8.6|28.6
241,8.7|28.6
242,8.2|28.6
243,8.6|28.6
244,8.2|28.7
244,8.7|28.7
245,8.7|28.7
246,10.8 |28.7
247,8.8|28.7
247,8.8|28.7
248,8.9|28.7
249,8.9|28.7
249,8.9|28.7
251,8.9|28.7
251,9.0|28.7
252,9.0|28.7
253,9.1|28.7
253,9.1|28.7
254,9.1|28.7
255,9.1|28.7
256,9.2|28.7
256,9.2|28.7
257,9.2|28.7
258,8.8|28.7
258,9.3|28.7
259,9.3|28.7
260,9.3|28.7
261,9.3|28.7
261,8.9|28.7
262,9.5|28.7
263,9.5|28.7
264,9.5|28.7
264,9.5|28.7
265,9.5|28.7
266,9.5|28.7
267,9.5|28.7
267,9.8|28.7
268,9.8|28.7
269,9.8|28.7
270,9.7|28.7
270,9.8|28.7
271,9.4|28.7
272,9.4|28.7
272,9.4|28.8
273,9.8|28.8
274,9.8|28.8
275,10.1|28.8
275,9.3|28.8
276,9.8|28.8
277,10.3|28.8
278,10.3|28.8
278,10.4|28.8
279,10.3|28.8
280,10.3|28.8
280,10.4|28.8
281,10.5|28.8
282,10.4|28.8
283,10.5|28.8
284,10.6|28.8
284,10.6|28.8
285,10.2|28.8
286,10.6|28.8
287,10.6|28.8
287,10.7|28.8
288,10.7|28.8
289,10.7|28.8
289,10.3|28.8
290,10.8|28.8
291,10.8|28.8
292,10.8|28.8
292,10.4|28.8
293,10.9|28.8
294,10.9|28.8
294,10.9|28.8
295,10.9|28.8
296,10.4|28.8
297,10.4|28.8
298,10.8|28.8
298,10.8|28.8
299,10.8|28.8
300,10.8|28.8
301,10.8|28.8
301,10.4|28.8
302,10.4|28.8
302,10.4|28.8
303,10.8|28.8
304,10.8|28.8
305,10.8|28.8
306,10.8|28.8
306,10.9|28.8
307,10.9|28.8
308,10.9|28.8
309,10.9|28.8
309,10.9|28.8
310,10.9|28.8
310,10.9|28.8
312,10.4|28.8
313,10.4|28.8
313,10.5|28.8
314,10.5|28.8
314,10.5|28.8
315,10.5|28.8
316,10.9|28.8
317,10.9|28.8
318,10.9|28.8
318,10.9|28.8
319,10.9|28.8
320,10.9|28.8
320,11.0|28.8
321,11.0|28.8
322,10.9|28.8
323,10.4|28.8
324,10.4|28.8
324,10.9|28.8
325,10.5|28.8
326,10.5|28.8
326,10.5|28.8
327,10.9|28.8
328,10.5|28.8
328,10.4|28.8
329,10.4|28.8
330,10.9|28.8
331,10.9|28.8
332,10.9|28.8
332,10.8|28.8
333,10.9|28.8
334,10.1|28.8
335,10.5|28.8
335,11.0|28.8
336,10.5|28.8
336,11.0|28.8
337,10.9|28.8
338,10.9|28.8
339,10.9|28.8
340,10.4|28.8
340,10.0|28.8
341,10.9|28.8
342,10.5|28.8
343,10.5|28.8
344,10.9|28.8
344,10.9|28.8
345,10.1|28.8
345,10.5|28.8
346,10.9|28.8
347,10.9|28.8
348,10.9|28.8
348,10.9|28.8
349,10.5|28.8
350,10.9|28.8
351,10.9|28.8
351,10.5|28.8
352,11.1|28.8
353,10.6|28.8
354,11.0|28.8
354,10.9|28.8
355,11.4|28.8
356,10.9|28.8
356,11.4|28.8
357,10.6|28.8
358,10.7|28.8
359,11.1|28.9
360,11.1|28.8
360,9.8|28.8
361,10.6|28.8
362,10.6|28.8
362,10.6|28.8
363,10.6|28.8
364,11.0|28.9
365,11.0|28.9
365,10.9|28.9
366,10.9|28.9
367,10.9|28.9
368,10.9|28.9
368,10.9|29.0
369,11.1|29.0
370,11.1|29.0
370,11.1|29.0
371,10.1|29.0
372,10.9|29.0
373,10.9|29.0
373,10.9|29.0
374,10.4|29.0
375,10.5|29.0
376,10.9|29.0
376,10.9|29.0
377,11.1|29.0
378,10.9|29.0
378,10.6|29.0
379,11.0|29.0
380,11.1|29.0
381,11.1|29.0
382,11.0|29.0
382,10.5|29.0
383,10.9|29.0
384,11.0|29.0
385,11.0|29.0
385,10.5|29.1
386,10.9|29.1
387,10.1|29.1
387,10.5|29.1
388,10.9|29.1
389,11.0|29.1
389,10.1|29.1
390,10.1|29.1
391,10.9|29.1
392,10.6|29.1
393,11.1|29.2
393,10.9|29.2
394,10.4|29.3
395,10.9|29.3
395,10.5|29.3
396,11.1|29.3
397,11.1|29.3
398,10.5|29.3
398,10.9|29.3
399,11.0|29.3
400,11.0|29.3
401,10.9|29.3
401,10.9|29.3
402,10.9|29.3
403,10.9|29.3
403,11.0|29.3
404,10.9|29.3
405,10.5|29.3
406,10.9|29.3
406,10.4|29.3
407,10.5|29.3
408,10.6|29.3
409,11.1|29.3
409,10.9|29.4
410,10.1|29.4
411,11.4|29.4
411,10.6|29.4
412,10.6|29.4
413,10.5|29.4
414,9.7|29.5
415,11.2|29.5
415,11.2|29.5
416,11.2|29.5
417,10.6|29.6
418,10.7|29.6
418,11.1|29.6
419,11.0|29.6
420,11.0|29.6
421,10.9|29.6
421,10.8|29.6
422,10.8|29.6
423,10.2|29.6
424,9.9|29.6
425,10.1|29.6
425,9.5|29.6
426,9.7|29.6
427,8.5|29.6
428,9.3|29.6
429,9.3|29.7
429,9.3|29.7
430,8.1|30.0
431,7.9|30.0
432,7.8|30.0
432,7.7|30.0
433,7.7|30.7
434,7.3|30.7
435,6.7|30.7
436,6.4|30.7
437,6.6|30.7
438,6.5|30.7
439,6.2|32.1
439,6.4|32.1
440,6.4|32.1
440,5.8|35.8
441,5.8|35.8
442,5.8|35.8
443,6.3|35.8
444,6.2|35.8
444,6.3|35.8
445,6.3|38.3
446,5.1|38.3
447,5.9|38.3
447,5.9|38.3
448,5.9|38.3
449,3.7|38.3
450,5.8|38.3
451,6.3|38.3
452,6.3|38.3
452,6.3|42.6
453,5.7|42.6
454,5.8|42.6
455,5.4|42.6
456,5.2|42.6
457,4.3|42.6
457,5.1|42.8
458,4.2|42.8
459,3.7|42.8
460,3.6|42.8
460,3.9|42.8
461,3.8|42.8
462,3.8|45.8
463,4.1|45.8
464,3.6|45.8
464,3.2|45.8
465,3.2|45.8
466,3.5|45.8
467,2.9|51.3
468,2.9|51.3
468,2.9|51.3
469,3.3|54.5
470,3.0|54.5
471,2.9|54.5
471,2.5|54.5
472,3.0|54.5
473,3.0|54.5
473,3.4|54.5
474,3.2|54.9
475,2.9|54.9
476,3.4|54.9
476,3.5|54.9
477,2.5|54.9
478,3.0|54.8
479,3.1|54.2
479,4.0|54.2
480,4.1|54.2
481,3.6|54.2
482,3.7|54.2
483,3.2|54.2
483,3.2|54.2
484,3.5|54.0
485,3.6|54.0
485,3.6|54.0
486,4.0|52.1
487,3.5|52.1
487,3.5|52.1
488,3.5|52.1
489,3.6|52.1
490,3.6|51.0
490,3.6|51.0
491,3.6|51.0
491,3.6|51.0
491,3.6|51.0
